00000000
00000000
00000000
00000000
00000000
00000000
00000000
00000000
00000000
00000000
00000000
00000000
00000000
00000000
00000000
00000000
00000000
00000000
00000000
00000000
00000000
00000000
00000000
00000000
00000000
00000000
00000000
00000000
00000000
00000000
00000000
00000000
00000000
00000000
00000000
00000000
00000000
00000000
00000000
00000000
00000000
00000000
00000000
00000000
00000000
00000000
00000000
00000000
00000000
00000000
00000000
00000000
00000000
00000000
00000000
00000000
00000000
00000000
00000000
00000000
00000000
00000000
00000000
00000000
00000000
00000000
00000000
00000000
00000000
00000000
00000000
00000000
00000000
00000000
00000000
00000000
00000000
00000000
00000000
00000000
00000000
00000000
00000000
00000000
00000000
00000000
00000000
00000000
00000000
00000000
00000000
00000000
00000000
00000000
00000000
00000000
00000000
00000000
00000000
00000000
00000000
00000000
00000000
00000000
00000000
00000000
00000000
00000000
00000000
00000000
00000000
00000000
00000000
00000000
00000000
00000000
00000000
00000000
00000000
00000000
00000000
00000000
00000000
00000000
00000000
00000000
00000000
00000000
00000000
00000000
00000000
00000000
00000000
00000000
00000000
00000000
00000000
00000000
00000000
00000000
00000000
00000000
00000000
00000000
00000000
00000000
00000000
00000000
00000000
00000000
00000000
00000000
00000000
00000000
00000000
00000000
00000000
00000000
00000000
00000000
00000000
00000000
00000000
00000000
00000000
00000000
00000000
00000000
00000000
00000000
00000000
00000000
00000000
00000000
00000000
00000000
00000000
00000000
00000000
00000000
00000000
00000000
00000000
00000000
00000000
00000000
00000000
00000000
00000000
00000000
00000000
00000000
00000000
00000000
00000000
00000000
00000000
00000000
00000000
00000000
00000000
00000000
00000000
00000000
00000000
00000000
00000000
00000000
00000000
00000000
00000000
00000000
00000000
00000000
00000000
00000000
00000000
00000000
00000000
00000001
00000001
00000001
00000010
00000000
00000001
00011110
00000000
00000000
00000010
00000000
00000000
00000000
00000000
00000001
00000001
00000000
00000000
00000001
00000000
00000000
00000000
00000000
00000000
00000000
00000000
00000000
00000000
00000000
00000000
00000001
00000000
00000000
00000000
00000000
00100111
01111010
00111001
00000000
00000000
00000010
00000001
00000001
00000001
00000000
00000001
00000000
00000000
00000000
00000001
00000000
00000000
00000000
00000000
00000000
00000000
00000000
00000001
00000000
00000000
00000010
00000001
00000000
00000001
00011110
00110101
01001110
10100100
01011010
00000000
00000000
00000000
00000000
00000000
00000000
00000010
00000101
00001001
00000100
00000000
00000000
00000000
00000000
00000000
00000000
00000000
00000000
00000000
00000000
00000001
00000000
00000000
00000000
00011110
01000100
00111010
00101101
01000001
01111010
01011101
00100101
00001100
00000000
00000000
00000110
00011111
00101101
01000111
00101011
00000000
00000000
00000000
00000000
00000000
00000000
00000000
00000001
00000101
00010011
00111001
00010001
00000000
00000000
00111000
01010000
00101101
00110110
00110101
00111000
01000101
01011010
01010000
01000111
01000001
00111100
00110001
00110101
01010110
00110010
00000000
00000000
00000000
00000000
00000000
00000001
00000001
00001001
00111001
00110001
00101011
10000000
00001000
00000000
00000010
01000000
01000011
01010000
00111101
01000001
00111100
00111001
00101101
00100101
00100000
00100010
01000100
01001000
01011110
00110001
00000000
00000000
00000000
00000000
00000000
00000000
00000000
00010000
00111001
00101101
00011010
01001111
10000010
00101111
00000000
00100011
01000100
01010110
01011111
01000111
00101011
01111000
11110001
10001011
01100101
11000101
01110101
01011101
01101000
01000011
00000000
00000000
00000000
00000000
00000000
00000000
00000000
00000010
00111000
00100111
00100101
00101101
01100001
10001101
01110100
01110111
01011111
00101001
00100010
00101011
00111010
10000111
11100011
11000100
10111011
11101111
01001111
00110001
01010011
01001010
00000000
00000000
00000000
00000000
00000000
00000001
00000000
00000100
01000111
00100000
00100101
00101101
00101101
01000101
10000000
01100100
01111000
10000100
01111011
10000111
10101011
10110011
10100001
01111111
01111010
10110111
01100100
00100111
01000100
01001100
00000000
00000000
00000000
00000000
00000000
00000001
00000000
00000001
01001100
00101111
00011100
00101111
01001010
00100110
00110100
00111010
00101011
01100010
01111010
10010010
11100100
10100101
10011111
10110010
10100100
10110011
11110110
01010110
00111000
01010010
00000001
00000000
00000000
00000000
00000000
00000000
00000000
00000001
01011001
10011101
10100101
10101011
01011101
00110100
00111000
00111100
01010011
01010010
00111010
01011001
10011101
10101110
11001001
11000110
10110010
11001000
10000010
01000011
01001110
01001011
00000001
00000000
00000000
00000000
00000010
00000001
00000000
00000100
00111100
00110001
01000111
01000000
01000000
01000101
01001111
01011011
00110110
00011111
00111010
01001011
00110110
00111001
00110100
01110011
11111110
10000100
00100010
00111111
01001010
01001000
00000000
00000000
00000000
00000001
00000000
00000000
00000000
00000100
01010101
01001010
01000011
01000100
01000101
01001010
01010000
01011110
00111000
00110100
01010101
01101000
01101001
01010111
01000101
00111111
10001101
01011101
01010111
01011001
01100101
01010101
00000010
00000000
00000000
00011010
00010000
00000000
00000010
00000000
01001111
01110011
01011001
01100100
01100010
01100100
01100100
01101100
01010110
01001100
01010011
01011101
01110111
01110000
01110000
01110000
01011110
01100110
01011011
01001011
00101001
00010000
00010100
00000000
00000000
00001100
00111000
00101010
00100011
00010000
00011111
00111010
00110010
00110101
00110110
00111001
00111100
01000000
00111001
00100110
00011010
00010000
00010001
00001000
00011000
00010111
00100011
00011111
00001101
00011000
00101101
00111010
00011100
00000000
00000000
00000000
00010000
00101011
00110001
01010000
01001010
01000001
00111100
00110110
00111000
00110110
00110100
00110010
00111000
00111000
01000100
01001010
01010010
01010010
01001110
01001100
01001011
01010011
01011011
01011110
01011011
00111010
00000000
00000000
00000000
00000000
00000000
00000000
00000001
00000100
00010101
00101001
00101111
00101111
00101111
00110010
00111000
00111001
00111100
00111101
00111000
00101111
00101110
00101011
00101010
00101010
00100111
00100111
00100000
00010101
00000100
00000000
00000000
00000000
00000000
00000000
00000000
00000000
00000000
00000000
00000000
00000000
00000000
00000000
00000000
00000000
00000000
00000000
00000000
00000000
00000000
00000000
00000000
00000000
00000000
00000000
00000000
00000000
00000000
00000000
00000000
00000000
00000000
00000000
00000000
00000000
00000000
00000000
00000000
00000000
00000000
00000000
00000000
00000000
00000000
00000000
00000000
00000000
00000000
00000000
00000000
00000000
00000000
00000000
00000000
00000000
00000000
00000000
00000000
00000000
00000000
00000000
00000000
00000000
00000000
00000000
00000000
00000000
00000000
00000000
00000000
00000000
00000000
00000000
00000000
00000000
00000000
00000000
00000000
00000000
00000000
00000000
00000000
00000000
00000000
00000000
00000000
00000000
00000000
00000000
00000000
00000000
00000000
00000000
00000000
00000000
00000000
00000000
00000000
00000000
00000000
00000000
00000000
00000000
00000000
00000000
00000000
00000000
00000000
00000000
00000000
00000000
00000000
00000000
00000000
00000000
00000000
00000000
00000000
00000000
00000000
00000000
00000000
00000000
00000000
00000000
00000000
00000000
00000000
00000000
00000000
00000000
00000000
00000000
00000000
00000000
00000000
00000000
00000000
00000000
00000000
00000000
00000000
00000000
00000000
00000000
00000000
00000000
00000000
00000000
00000000
00000000
00000000
00000000
00000000
00000000
00000000
00000000
00000000
00000000
00000000
00000000
00000000
00000000
00000000
00000000
00000000
00000000
00000000
00000000
00000000
00000000
00000000
00000000
00000000
00000000
00000000
00000000
00000000
00000000
00000000
00000000
00000000
00000000
