0000010000000100000001000000010000000100000001000000010000000100
0000010000000100000001000000010000000100000001000000010000000100
0000010000000100000001000000010000000100000001000000010000000100
0000010000000100000001000000010000000100000001000000010000000100
0000010000000100000001000000010000001010000001000000010000000100
0000010000000100000001000000010000000100000001000000010000000100
0000010100000100000001000000010000000100000101100001000100001001
0001010000011000000001000000110100000100000001000000010000000100
0000010000000100000011000000000100001000000001100001000100000100
0000000000001100000100010000000000100000000110110000110000000011
0001001000001101000001100000010000000111000011000001010100011010
0001100100000001001001110000100100001110000101000001000000010111
0001100100010011000010000000111100000100000001000000011100010000
0000010000100100000001000001010000011100000001100000111000001101
0000110100001110000000100000000100011001000100100000010000000100
0000011100000111000001010000001000100000000101100001110000011011
0000011000001010000011010000000000000110000000110000100000011010
0000110000011011000000110000111000000000000010110000000100101000
0000010000001010000011010000110000000101000001000000100000001001
0000100100001000000010100000111100001101000010100000011000000100
0000010000000111000010000000011100000111000001110000100000001001
0000010000000100000001000000010000000100000001000000010000000100
0000010000000100000001000000010000000100000001000000010000000100
0000010000000100000001000000010000000100000001000000010000000100
00000100000001000000010000000100
0000000100000001000000010000000100000001000000010000000100000001
0000000100000001000000010000000100000001000000010000000100000001
0000000100000001000000010000000100000001000000010000000100000001
0000000100000001000000010000000100000001000000010000000100000001
0000000100000001000000010000000100000101000000010000000100000001
0000000100000001000000010000000100000001000000010000000100000001
0000001000000010000000010000000100000001001011100010101100000000
0000110000000110000000000000101100000110000000010000000100000001
0000000100000001001000100000101000000100000011000001011100110001
0001110000001111000100000000111000010101001011100000011000000000
0001000100000000000000010000000100110101000100010001100000101001
0101011100111000000011100000101100010100000011010010010100011001
0000010100011100000101110000000000000001000000010011011000001101
0010101100111100011001010010000000011010000001000000101100001101
0000010000010011000100100001101100001000000000000000000100000001
0000101100000110001011100010111000111101000110110000111100000010
0001010000010001000010000010000000000111000010110000111000000000
0000110100000000000001110000000000100011000011100011100100000000
0000110100001000000010010000100000001011000011110000010100000110
0000000100000010000000100000000000000001000000010001110100010011
0000111000001000000000110000001000000010000000100000001000000001
0000000100000001000000010000000100000001000000010000000100000001
0000000100000001000000010000000100000001000000010000000100000001
0000000100000001000000010000000100000001000000010000000100000001
00000001000000010000000100000001
0011110000111100001111000011110000111100001111000011110000111100
0011110000111100001111000011110000111100001111000011110000111100
0011110000111100001111000011110000111100001111000011110000111100
0011110000111100001111000011110000111100001111000011110000111100
0011110000111100001111000011110100111100010000000011110000111100
0011111100111011001111000011110000111100001111000011110000111100
0011110000111100001110110011110000111011001111000000000000111111
0000000000001101001111110011101100111100001111010011110000111100
0011110000111100001001010010010000111110001111010010100000000000
0000000000000000000000000000000000110010000000000000001100111111
0000000000111101001111010011110000000000000000000000000000000000
0000000000000000000000000000000000000000000000000000000000000000
0000000000000000000000000011111000111100001111000000000000000000
0000000000000000000000000000000000000000000000000000000000000000
0000000000000000000000000000000000000000001111110011110000111101
0011101100110110000000000000000000000000000000000000000000000000
0000000000000000000000000000000000000000000000000000000000111001
0000000000000000000000000011110100000000000000000000000000000000
0000000000000000000000000000000000000000000000000000000000000000
0010101000101010001101010011110100111101001111110000000000000000
0011110000110011001011000010101100101011001010010010010000100110
0011110000111100001111000011110000111100001111000011110000111100
0011110000111100001111000011110000111100001111000011110000111100
0011110000111100001111000011110000111100001111000011110000111100
00111100001111000011110000111100
0000000000000000000000000000000000000000000000000000000000000000
0000000000000000000000000000000000000000000000000000000000000000
0000000000000000000000000000000000000000000000000000000000000000
0000000000000000000000000000000000000000000000000000000000000000
0000000000000000000000000000000100000100000001110000000100000000
0000100000000001000000000000000000000000000000000000000000000000
0000000100000011000000100000000000000001000111110101010100100100
0110110000110010000111010000010100010001000001010000000000000000
0000010100000000001000010010111000011011000111100011110001100011
0111000101001111010010000100100000010110010011100011011100011011
0011000000011111000000010000000000111110010011000101010101011110
1001100110111011100111010110010001011101011000000111001001101011
0101010101001000011001000100000000000001000000000100010001010101
0011110001111000110000111010110111000000100111100111000001100111
0100101101000100010010110110000001100000001001110000000100000001
0001010000011001001111110111100110011110101111011000110001101010
0101111001100100010000100101100101010110010100000101000000110101
0100001100101011001010010001110101000000010000001001001001101111
0100011001000001001111110011101100111110010001000011111101000000
0010000000011111000111110001011100000111000000000010100001000011
0001100100011110000111110010000100100011001000100010001000100001
0000000000000000000000000000000000000000000000000000000000000000
0000000000000000000000000000000000000000000000000000000000000000
0000000000000000000000000000000000000000000000000000000000000000
00000000000000000000000000000000
0010100000101000001010000010100000101000001010000010100000101000
0010100000101000001010000010100000101000001010000010100000101000
0010100000101000001010000010100000101000001010000010100000101000
0010100000101000001010000010100000101000001010000010100000101000
0010100100101000001010010010100100101100001010000010100100101000
0010100000101001001010010010100100101000001010000010100100101001
0010100100101001001010010010100100101001010010100100011000100001
0010001100100011001000110010110100101101001010000010100000101000
0010100000101000001111010010101000100011001010110011010101001001
0011000000100100001001100010010100111010010101000010100100100010
0010101000010100001010010010100101000101000111010010001000110000
0110000000110100000000000010010100101111001000110100000000011000
0010101100101001001100100000111000101001001010000100011000100010
0100100101010010011000010010000000010101000010100000111100100000
0001101100101101001010110010111100011001000100010010100100101001
0010110100101100010001110011011101000011000111000010010000100001
0010011000011100001000110010111000011001000111000010010100011011
0010011000101011001001010010011101001001001010100010111000011111
0010011000100001001001110010011000101000001001100010000000100000
0010100100101001001010000010100100101001001010100011100100100010
0010111100101100001010010010100100101001001010100010100100101001
0010100000101000001010000010100000101000001010000010100000101000
0010100000101000001010000010100000101000001010000010100000101000
0010100000101000001010000010100000101000001010000010100000101000
00101000001010000010100000101000
0000000000000000000000000000000000000000000000000000000000000000
0000000000000000000000000000000000000000000000000000000000000000
0000000000000000000000000000000000000000000000000000000000000000
0000000000000000000000000000000000000000000000000000000000000000
0000000000000000000000000000000000000110000000000000000000000000
0000000000000001000000000000000000000000000000000000000000000000
0000000100000001000000000000000000000001000100000011001100010000
0100110000011111000011000000000100001001000000000000000000000000
0000000000000000000101110010000000001011000001100001100101010110
0100101101000100001100010011001000001010001010100010000000010100
0010001100100001000000010000000000110110001110110011110000101101
1000010110010010100001110011001100110110001101000100111001000100
0101000000101111001100010010000000000000000000000100001001000100
0011111101000110100010011000001110000011011110100101001001010100
0011111000110110001101100101011101001100001011000000000000000000
0000010100001101001111010110010001111001100110111000001101101110
0100011101001010001100100100010100111110001110110100000100100001
0011100000011111001000010001010100110101001110000111100101100100
0010111100110011001100000010110000101011001110100011100000110110
0010010000100011001001000010000100001101000000000010010100101101
0001111000100101001001100010011100101010001010000010011000100101
0000000000000000000000000000000000000000000000000000000000000000
0000000000000000000000000000000000000000000000000000000000000000
0000000000000000000000000000000000000000000000000000000000000000
00000000000000000000000000000000