0000000000000100000111011011011000000000010011110000000111011011  
1111011101010101111110010101001011111111111110100001010000100001                              
1111011001011011111111110000011000000100100110000000101010011101 
0000010000111111111111111000010000001001110101011111100010001100
1111011001101000000010111101011011111010110010100000110011011000
11111000101001000000001100101001
1110110100011010000011011111000111110100000100000000101011110001  
0001010011101100111111110001100011110010111101000001100111111001
1110110011000101100000000000011100000000110001101110101100001101
0000110000011111111101000000111000011001000011111101101111001000
0010000000001001111010100000111000011111000011110000010100000110
1111011100010111000110111110011100010000000001101110010111100111
111101010001101011111001000010110001000100010000                  
0100110000000101111111000100010100011001111010000001010100001110  
0011110000001111111001110100110100001010110001100001111000100010
1111111100100010111001101110000000010010111001011111010011111101
1111000111110110000100111111001111101111000110010010101011111000
0010110100000000110111110000111011111110111001011111010100000101
0001100111110111000100111111011000000110000101011111001111101111
0010111100000011000100010000100100001001000001010000000100001110
1111110011011101111011110000110100011101000101101110101000101001
1101101111011100111011011111011100000000111000010001010111110111
1110111111111101000000101111011100010010111101001111101000000100
0000100111111111000011100000001100001001111100110000101100001001
0000101000010010111110100001101100011100000010101110111100001101
1111101100000011000011110000110100000110111011111111111111101101
11101100000010110000010000000010
1111000011101101111110000000111011101111000000000001000000000000  
0000001111011011111101110010010011110001000001110001010100010000
0011010100100000000100010001011111111111111011011100101111100101
1111010100001111000000100001001000010101010000100100100000011011
0000111100001110000110000000100111110111111101001111100111101101
1111111000000011000010000000000100001001000011101111001000000010
0100010100101011110111011101111011111100111010111111110000010111
0000111000001001001010100001000111101111001000100000110100011100
0000011000100010000001010000000100100110111111011101110100100011
1101100111010110111111001110110100000110010010100000010011101100
0000010011110110000100000000010111110001111011100000001111100111
0000010011110011000010000000001000101101000101011111110100000110
0000001000000010110100111111010111110011111110100001011000001011
00010000000000100000111100000001
0001110000010001111111000001111000000110000010100011111100100000 
0000100111101110000100000000101100001000000001110000110000111100
0001001011111111111100010011011101000010000010101111011100011101
0000110100001010111110011110110011110110001000001111110011111110
1111101011111111111011100001010011110010000000000000100000001101
0000010111011101111101110001000000100100111110011111010111110001
0011010100010100111101000000110100001110000010101111011000000110
1110011100001011001000110001011000100010010100000001110000010111
1010101100000000111110111110111011111001000000010001100111101000
0010001100001111111011101111000100000011110111101111101000000011
1111101100001110111111011111000000101100000110010000100000100101
1111101100010110000001110000100011101111000001111101000111101111
0000000100010101001001000001111100000101000000000000110100010010
11010100111000111111011100010101
1110100000100000000010010000111000000010001010100010010011010110
0000100111111011001010100001010111111100001110110001010000100001
0010111111110111110011000101100111101111111100101111100100110011
0001011100000001111001000000010000010111001010011111001111100110
1110110000000111000110111111101011111010111111010001010111100101
1101011100010001000100101111110000001101111011101111111000001111
1110111000001111111001100001001100011100111011101111101100001010
1111001011101110000100000001100011100000000010110001110010111000
1101001111110010111101101101001111100010111100111100110111100100
1101111000001110111100011110011111111101000001011101100111111100
0000101011111110111111011111101000010011000000110000100011110111
0000010000000101000100101110001011111011000001001111110000000100
0000100100000100000001000000000000001111000101000000011100001110
11110010000100110000111000001010
1111100000001011110001001101110111100011111001101100101111101111
1110011000010110111000110000011011101110111010000000000111101101
1111111011100101000110000000101111101101000001111111011011100011
0001001000001110111000011110111111111011000001111110111000000011
1111100000001010111110110001010111110110000100110001110100000000
1111011011111110000000100000110000001110000010000000001011101001
1101000011111010000001110000110000011001000000000000110100010100
1100001100010001110011100001100100000011110101100001011100101001
0001110100001101110111010001011000011001110010110010011000011011
1110010000000010000001101101111100001010111011011111010100100000
1111101011110010000100111110010100000001000110111110010011110001
0000110100010011111001110010010100010010111000101111000100010000
0000011111101100000011000001000100000001000110010001101011101011
11110000000110011111100100001001
1110001000010000111100111101110111110000000001111101101011101000
0000011000010100110110001110111100010110000001010000101011100101
1111000111101110111011111111110011101101111110001111110111010110
0000000111101101000001001111110100000111111010111110011011111011
0001100100100101111110010001001111111110000001001111000111110101
0000011100001111000001101111011111110111000110000010011000000110
0001011011001111000011000001000100000100111110011111000111110100
0000011111111001001011101111101111110010111111011110111000011110
0011110111100111000000000100000111101010111100110001101111111011
1111100000000110110110110001100011110000111100110001000100000011
0000000000000000111101011110101000000110111101100000000111101000
0011000111111100000000010001111111110101111101000001010111110010
0000001011110000000100010000110011101010001001011111110100000011
00011100000100011111001100010111
1110110100101010000000001111000111111111111110001100100011110011
1110111011111111111000000001101011101111110111100000101000000010
1110111011011100111011101101010011010011111010101110101011001010
1111011100001101000001101111001111110100111110100000110100010001
0001100100011101111101010000001100001010000010001111101000001111
1111101111111101000010100001010000000011000101110001000000000111
0001111100011001000000110000111000000110111111111110000000001010
0000010011110011111111100001000100010110000001011111000100011011
0000011111100000111011110001001100000101111101100001000111100101
1111100100000110111110001110110011101000111100110000110011101110
0001001011111010000010110001011000000100111101110000011011100110
0000011000010101000000100001100111110011000100011110101000000001
1111000100010010000011001110110000000000000100010000010111101111
00001001000000100000010000000111
0001101100011011111000001111111000101110000001000000100000001100 
0001100011110101000000000010010111111011000011000010100011101101
1101001011110010111100101101101100000100000010101110110111011111
0000011100001001111101111111110011111100111001001111011000000010
0010101100000010000010110010011111111011111010011110011011111100
1110101000001011000111000000111011111111001011110000100111111010
0001000000110100000100100000010100000100000000100000010100001101
0000001000011111000011110100100011110100011111110100111011100100
0000100000010100111000011110111000100111000101001110110100000101
0000000000100001111011011110011100010111110100010000011000010110
1111011111111100000010000000001100001101000010011110110111100100
1111001000101011001011101101111011100111000001100000011100001111
0000011011101100111111001111111111110100000100110001010000000111
11101011000110001111100000001000                                  
0000000000000000000000000000000000000000000000000000000000000000  
0000000000000000000000000000000000000000000000000000000000000000
0000000000000000000000000000000000000000000000000000000000000000
0000000000000000000000000000000000000000000000000000000000000000
0000000000000000000000000000000000000000000000000000000000000000
0000000000000000000000000000000000000000000000000000000000000000
0000000000000000000000000000000000000000000000000000000000000000
0000000000000000000000000000000000000000000000000000000000000000
0000000000000000000000000000000000000000000000000000000000000000
0000000000000000000000000000000000000000000000000000000000000000
0000000000000000000000000000000000000000000000000000000000000000
0000000000000000000000000000000000000000000000000000000000000000
0000000000000000000000000000000000000000000000000000000000000000
0000000000000000000000000000000000000000000000000000000000000000
0000000000000000000000000000000000000000000000000000000000000000
0000000000000000000000000000000000000000000000000000000000000000
0000000000000000000000000000000000000000000000000000000000000000
0000000000000000000000000000000000000000000000000000000000000000
0000000000000000000000000000000000000000000000000000000000000000
0000000000000000000000000000000000000000000000000000000000000000
0000000000000000000000000000000000000000000000000000000000000000
0000000000000000000000000000000000000000000000000000000000000000
0000000000000000000000000000000000000000000000000000000000000000
0000000000000000000000000000000000000000000000000000000000000000
0000000000000000000000000000000000000000000000000000000000000000
0000000000000000000000000000000000000000000000000000000000000000
0000000000000000000000000000000000000000000000000000000000000000
0000000000000010000000010000000100000001000000000000000000000000
0000000000000000000000000000001000000000000000000001111000000001
0000000000000000000000010000000000000000000000010000000100000000
0000000000000000000000000000000000000000000000000000000000000000
0111101000100111000000000000000000000000000000000000000100000000
0000000000000001000000010000000100000010000000000000000000111001
0000000000000000000000000000000100000000000000000000000000000001
0000001000000000000000000000000100000000000000000000000000000000
0101101010100100010011100011010100011110000000010000000000000001
0000010100000010000000000000000000000000000000000000000000000000
0000000000000000000000000000000000000000000000000000010000001001
0000000000000000000000000000000100000000000000000000000000000000
0010010101011101011110100100000100101101001110100100010000011110
0010101101000111001011010001111100000110000000000000000000001100
0000000100000000000000000000000000000000000000000000000000000000
0101000000111000000000000000000000010001001110010001001100000101
0100011101010000010110100100010100111000001101010011011000101101
0000000000000000001100100101011000110101001100010011110001000001
0011000100111001000010010000000100000001000000000000000000000000
0101000001000011010000000000001000000000000010001000000000101011
0010001000100000001001010010110100111001001111000100000100111101
0000000000000000000000000000000000110001010111100100100001000100
0100111100011010001011010011100100010000000000000000000000000000
0100011101011111010101100100010000100011000000000010111110000010
0101110101110101110001010110010110001011111100010111100000101011
0000000000000000000000000000000000000000000000000100001101101000
1000110101100001001011010010010100100111001110000000001000000000
1000011100111010001010110010001000101001010111110111011101110100
0100101001010011001100010100111111101111101110111100010011100011
0000010000000000000000010000000000000000000000000000000000000000
0110010010000000010001010010110100101101001001010010000001000111
0111111110100001101100111010101110000111011110111000010001111000
0000000000000000010011000100010000100111011001001011011101111010
0010111101001100000000010000000000000001000000000000000000000000
0110001000101011001110100011010000100110010010100010111100011100
1011001110100100101100101001111110100101111001001001001001111010
0000000000000000000000000000000101010010001110000101011011110110
1010101110100101100111010101100100000001000000000000000000000000
0101100100111010010100100101001100111100001110000011010001011101
0100001110000010110010001011001011000110110010011010111010011101
0000000100000010000000000000000000000000000000010100101101001110
0100010101000000010000000100011100110001001111000000010000000000
0011100100110110010010110011101000011111001101100101101101001111
0100100001001010001111110010001010000100111111100111001100110100
0000010000000000000000000000000000000001000000000000000000000000
0101111001010000010010100100010101000100010000110100101001010101
0011111101000101010101110110100101101000010101010011010000111000
0000000000000010010101010110010101011001010101110101110110001101
0111001101001111000000000000001000000000000100000001101000000000
0100110001010110011011000110010001100100011000100110010001011001
0110011001011110011100000111000001110000011101110101110101010011
0000110000000000000000000001010000010000001010010100101101011011
0011010100110010001110100001111100010000001000110010101000111000
0001000000011010001001100011100101000000001111000011100100110110
0001100000001101000111110010001100010111000110000000100000010001
0010101100010000000000000000000000000000000111000011101000101101
0011011000111000001101100011110001000001010010100101000000110001
0101001001010010010010100100010000111000001110000011001000110100
0011101001011011010111100101101101010011010010110100110001001110
0000010000000001000000000000000000000000000000000000000000000000
0011100100111000001100100010111100101111001011110010100100010101
0010101000101010001010110010111000101111001110000011110100111100
0000000000000000000000000000010000010101001000000010011100100111
0000000000000000000000000000000000000000000000000000000000000000
0000000000000000000000000000000000000000000000000000000000000000
0000000000000000000000000000000000000000000000000000000000000000
0000000000000000000000000000000000000000000000000000000000000000
0000000000000000000000000000000000000000000000000000000000000000
0000000000000000000000000000000000000000000000000000000000000000
0000000000000000000000000000000000000000000000000000000000000000
0000000000000000000000000000000000000000000000000000000000000000
0000000000000000000000000000000000000000000000000000000000000000
0000000000000000000000000000000000000000000000000000000000000000
0000000000000000000000000000000000000000000000000000000000000000
0000000000000000000000000000000000000000000000000000000000000000
0000000000000000000000000000000000000000000000000000000000000000
0000000000000000000000000000000000000000000000000000000000000000
0000000000000000000000000000000000000000000000000000000000000000
0000000000000000000000000000000000000000000000000000000000000000
0000000000000000000000000000000000000000000000000000000000000000
0000000000000000000000000000000000000000000000000000000000000000
0000000000000000000000000000000000000000000000000000000000000000
0000000000000000000000000000000000000000000000000000000000000000
0000000000000000000000000000000000000000000000000000000000000000
0000000000000000000000000000000000000000000000000000000000000000
00000000000000000000000000000000