00000100
00000100
00000100
00000100
00000100
00000100
00000100
00000100
00000100
00000100
00000100
00000100
00000100
00000100
00000100
00000100
00000100
00000100
00000100
00000100
00000100
00000100
00000100
00000100
00000100
00000100
00000100
00000100
00000100
00000100
00000100
00000100
00000100
00000100
00000100
00001010
00000100
00000100
00000100
00000100
00000100
00000100
00000100
00000100
00000100
00000100
00000100
00000100
00001001
00010001
00010110
00000100
00000100
00000100
00000100
00000101
00000100
00000100
00000100
00000100
00001101
00000100
00011000
00010100
00000100
00010001
00000110
00001000
00000001
00001100
00000100
00000100
00000011
00001100
00011011
00100000
00000000
00010001
00001100
00000000
00011010
00010101
00001100
00000111
00000100
00000110
00001101
00010010
00010111
00010000
00010100
00001110
00001001
00100111
00000001
00011001
00010000
00000111
00000100
00000100
00001111
00001000
00010011
00011001
00001101
00001110
00000110
00011100
00010100
00000100
00100100
00000100
00000100
00000100
00010010
00011001
00000001
00000010
00001110
00001101
00011011
00011100
00010110
00100000
00000010
00000101
00000111
00000111
00011010
00001000
00000011
00000110
00000000
00001101
00001010
00000110
00101000
00000001
00001011
00000000
00001110
00000011
00011011
00001100
00001001
00001000
00000100
00000101
00001100
00001101
00001010
00000100
00000100
00000110
00001010
00001101
00001111
00001010
00001000
00001001
00001001
00001000
00000111
00000111
00000111
00001000
00000111
00000100
00000100
00000100
00000100
00000100
00000100
00000100
00000100
00000100
00000100
00000100
00000100
00000100
00000100
00000100
00000100
00000100
00000100
00000100
00000100
00000100
00000100
00000100
00000100
00000100
00000100
00000100
00000100
00000100
