0000000000000000000000000000000000000000000000000000000000000000
0000000000000000000000000000000000000000000000000000000000000000
0000000000000000000000000000000000000000000000000000000000000000
0000000000000000000000000000000000000000000000000000000000000000
0000000000000000000000000000000000000000000000000000000000000000
0000000000000000000000000000000000000000000000000000000000000000
0000000000000000000000000000000000000000000000000000000000000000
0000000000000000000000000000000000000000000000000000000000000000
0000000000000000000000000000000000000000000000000000000000000000
0000000000000000000000000000000000000000000000000000000000000000
0000000000000000000000000000000000000000000000000000000000000000
0000000000000000000000000000000000000000000000000000000000000000
0000000000000000000000000000000000000000000000000000000000000000
0000000000000000000000000000000000000000000000000000000000000000
0000000000000000000000000000000000000000000000000000000000000000
0000000000000000000000000000000000000000000000000000000000000000
0000000000000000000000000000000000000000000000000000000000000000
0000000000000000000000000000000000000000000000000000000000000000
0000000000000000000000000000000000000000000000000000000000000000
0000000000000000000000000000000000000000000000000000000000000000
0000000000000000000000000000000000000000000000000000000000000000
0000000000000000000000000000000000000000000000000000000000000000
0000000000000000000000000000000000000000000000000000000000000000
0000000000000000000000000000000000000000000000000000000000000000
0000000000000000000000000000000000000000000000000000000000000000
0000000000000000000000000000000000000000000000000000000000000000
0000000000000000000000000000000000000000000000000000000000000000
0000000000000010000000010000000100000001000000000000000000000000
0000000000000000000000000000001000000000000000000001111000000001
0000000000000000000000010000000000000000000000010000000100000000
0000000000000000000000000000000000000000000000000000000000000000
0111101000100111000000000000000000000000000000000000000100000000
0000000000000001000000010000000100000010000000000000000000111001
0000000000000000000000000000000100000000000000000000000000000001
0000001000000000000000000000000100000000000000000000000000000000
0101101010100100010011100011010100011110000000010000000000000001
0000010100000010000000000000000000000000000000000000000000000000
0000000000000000000000000000000000000000000000000000010000001001
0000000000000000000000000000000100000000000000000000000000000000
0010010101011101011110100100000100101101001110100100010000011110
0010101101000111001011010001111100000110000000000000000000001100
0000000100000000000000000000000000000000000000000000000000000000
0101000000111000000000000000000000010001001110010001001100000101
0100011101010000010110100100010100111000001101010011011000101101
0000000000000000001100100101011000110101001100010011110001000001
0011000100111001000010010000000100000001000000000000000000000000
0101000001000011010000000000001000000000000010001000000000101011
0010001000100000001001010010110100111001001111000100000100111101
0000000000000000000000000000000000110001010111100100100001000100
0100111100011010001011010011100100010000000000000000000000000000
0100011101011111010101100100010000100011000000000010111110000010
0101110101110101110001010110010110001011111100010111100000101011
0000000000000000000000000000000000000000000000000100001101101000
1000110101100001001011010010010100100111001110000000001000000000
1000011100111010001010110010001000101001010111110111011101110100
0100101001010011001100010100111111101111101110111100010011100011
0000010000000000000000010000000000000000000000000000000000000000
0110010010000000010001010010110100101101001001010010000001000111
0111111110100001101100111010101110000111011110111000010001111000
0000000000000000010011000100010000100111011001001011011101111010
0010111101001100000000010000000000000001000000000000000000000000
0110001000101011001110100011010000100110010010100010111100011100
1011001110100100101100101001111110100101111001001001001001111010
0000000000000000000000000000000101010010001110000101011011110110
1010101110100101100111010101100100000001000000000000000000000000
0101100100111010010100100101001100111100001110000011010001011101
0100001110000010110010001011001011000110110010011010111010011101
0000000100000010000000000000000000000000000000010100101101001110
0100010101000000010000000100011100110001001111000000010000000000
0011100100110110010010110011101000011111001101100101101101001111
0100100001001010001111110010001010000100111111100111001100110100
0000010000000000000000000000000000000001000000000000000000000000
0101111001010000010010100100010101000100010000110100101001010101
0011111101000101010101110110100101101000010101010011010000111000
0000000000000010010101010110010101011001010101110101110110001101
0111001101001111000000000000001000000000000100000001101000000000
0100110001010110011011000110010001100100011000100110010001011001
0110011001011110011100000111000001110000011101110101110101010011
0000110000000000000000000001010000010000001010010100101101011011
0011010100110010001110100001111100010000001000110010101000111000
0001000000011010001001100011100101000000001111000011100100110110
0001100000001101000111110010001100010111000110000000100000010001
0010101100010000000000000000000000000000000111000011101000101101
0011011000111000001101100011110001000001010010100101000000110001
0101001001010010010010100100010000111000001110000011001000110100
0011101001011011010111100101101101010011010010110100110001001110
0000010000000001000000000000000000000000000000000000000000000000
0011100100111000001100100010111100101111001011110010100100010101
0010101000101010001010110010111000101111001110000011110100111100
0000000000000000000000000000010000010101001000000010011100100111
0000000000000000000000000000000000000000000000000000000000000000
0000000000000000000000000000000000000000000000000000000000000000
0000000000000000000000000000000000000000000000000000000000000000
0000000000000000000000000000000000000000000000000000000000000000
0000000000000000000000000000000000000000000000000000000000000000
0000000000000000000000000000000000000000000000000000000000000000
0000000000000000000000000000000000000000000000000000000000000000
0000000000000000000000000000000000000000000000000000000000000000
0000000000000000000000000000000000000000000000000000000000000000
0000000000000000000000000000000000000000000000000000000000000000
0000000000000000000000000000000000000000000000000000000000000000
0000000000000000000000000000000000000000000000000000000000000000
0000000000000000000000000000000000000000000000000000000000000000
0000000000000000000000000000000000000000000000000000000000000000
0000000000000000000000000000000000000000000000000000000000000000
0000000000000000000000000000000000000000000000000000000000000000
0000000000000000000000000000000000000000000000000000000000000000
0000000000000000000000000000000000000000000000000000000000000000
0000000000000000000000000000000000000000000000000000000000000000
0000000000000000000000000000000000000000000000000000000000000000
0000000000000000000000000000000000000000000000000000000000000000
0000000000000000000000000000000000000000000000000000000000000000
00000000000000000000000000000000